<!DOCTYPE html>
<html lang="en">
<head>
<meta charset="UTF-8">
<meta name="viewport" content="width=device-width, initial-scale=1.0">
<title>Paint Tits!</title>
<link rel="preconnect" href="https://fonts.googleapis.com">
<link href="https://fonts.googleapis.com/css2?family=Baloo+2:wght@600;700;800&family=Quicksand:wght@500;600;700&display=swap" rel="stylesheet">
<style>
  :root{
    --bg:#F8F0F2; --panel:#FFFDFB; --ink:#3E2A2E; --ink-soft:#9A7A80;
    --accent:#C45B6E; --soft:#E8A0B0; --line:#EAD8DC;
  }
  *{box-sizing:border-box;}
  body{
    margin:0;min-height:100vh;background:var(--bg);
    background-image:
      radial-gradient(circle at 10% 12%, #F5E0E6 0%, transparent 40%),
      radial-gradient(circle at 90% 88%, #F0E4E8 0%, transparent 42%);
    font-family:'Quicksand', sans-serif;color:var(--ink);
    display:flex;justify-content:center;padding:20px 14px 48px;
  }
  .wrap{width:100%;max-width:480px;}
  header{text-align:center;margin-bottom:14px;}
  h1{font-family:'Baloo 2',sans-serif;font-weight:800;font-size:clamp(26px,7vw,34px);margin:0 0 4px;color:var(--accent);}
  header p{margin:0;color:var(--ink-soft);font-weight:600;font-size:13px;}

  .style-tabs{display:flex;justify-content:center;gap:8px;margin:16px 0 14px;flex-wrap:wrap;}
  .style-tab{
    border:2px solid var(--line);background:var(--panel);border-radius:16px;
    padding:9px 16px;font-family:'Baloo 2',sans-serif;font-weight:700;font-size:14px;
    color:var(--ink-soft);cursor:pointer;transition:all .15s ease;
  }
  .style-tab.active{border-color:var(--accent);color:var(--accent);background:#FDF0F3;transform:translateY(-2px);}

  .card{background:var(--panel);border-radius:22px;padding:16px;box-shadow:0 10px 30px rgba(62,42,46,0.10);border:1px solid var(--line);}
  .progress-row{display:flex;align-items:center;gap:10px;margin-bottom:14px;}
  .progress-track{flex:1;height:10px;border-radius:6px;background:#F0E4E8;overflow:hidden;}
  .progress-fill{height:100%;border-radius:6px;background:linear-gradient(90deg,var(--accent),var(--soft));width:0%;transition:width .35s ease;}
  .progress-label{font-size:12px;font-weight:700;color:var(--ink-soft);white-space:nowrap;}

  .palette{display:flex;flex-wrap:wrap;gap:8px;justify-content:center;margin-bottom:16px;}
  .swatch{
    width:34px;height:34px;border-radius:50%;border:3px solid transparent;
    display:flex;align-items:center;justify-content:center;
    font-family:'Baloo 2',sans-serif;font-weight:600;font-size:12px;color:rgba(0,0,0,0.55);
    cursor:pointer;transition:transform .15s ease;
  }
  .swatch.selected{border-color:var(--accent);transform:scale(1.14);}
  .swatch.done{opacity:0.35;}
  .swatch:active{transform:scale(0.94);}

  .grid-shell{
    width:100%;aspect-ratio:1;background:#FFFFFF;
    border-radius:14px;padding:6px;border:1px solid var(--line);container-type:inline-size;
  }
  .grid-shell.previewing{border:2px solid var(--accent);}
  .grid{display:grid;grid-template-columns:repeat(var(--cols), 1fr);grid-template-rows:repeat(var(--rows), 1fr);width:100%;height:100%;gap:1px;border-radius:8px;overflow:hidden;}
  .cell{display:flex;align-items:center;justify-content:center;font-family:'Quicksand', sans-serif;font-weight:700;user-select:none;-webkit-tap-highlight-color:transparent;min-width:0;min-height:0;overflow:hidden;}
  .cell.empty{background:transparent;}
  .cell.blank{background:#FDFAF8;color:#C9B0B4;font-size:clamp(3px, calc(100cqw / var(--cols) * 0.55), 13px);cursor:pointer;border:1px solid #F0E4E8;}
  .cell.blank:active{background:#F8ECEF;}
  .cell.filled{color:transparent;animation:pop .28s ease;}
  .cell.shake{animation:shake .3s ease;}

  @keyframes pop{0%{transform:scale(0.55);}60%{transform:scale(1.12);}100%{transform:scale(1);}}
  @keyframes shake{0%,100%{transform:translateX(0);}25%{transform:translateX(-3px);}75%{transform:translateX(3px);}}

  .controls{display:flex;justify-content:center;gap:18px;margin-top:16px;flex-wrap:wrap;}
  .reset-btn{border:none;background:transparent;color:var(--ink-soft);font-family:'Quicksand',sans-serif;font-weight:700;font-size:13px;text-decoration:underline;cursor:pointer;padding:6px 10px;}

  .overlay{position:fixed;inset:0;background:rgba(62,42,46,0.55);display:none;align-items:center;justify-content:center;padding:24px;z-index:10;}
  .overlay.show{display:flex;}
  .celebrate-card{background:var(--panel);border-radius:22px;padding:28px 24px;text-align:center;max-width:320px;animation:pop .35s ease;border:1px solid var(--line);}
  .celebrate-card h2{font-family:'Baloo 2',sans-serif;margin:0 0 6px;font-size:24px;color:var(--accent);}
  .celebrate-card p{margin:0 0 18px;color:var(--ink-soft);font-weight:600;font-size:14px;}
  .celebrate-card button{border:none;background:var(--accent);color:white;font-family:'Baloo 2',sans-serif;font-weight:700;font-size:15px;padding:12px 22px;border-radius:14px;cursor:pointer;}
</style>
</head>
<body>
<div class="wrap">
  <header>
    <h1>Paint Tits!</h1>
    <p>Tap a color, then tap the matching square</p>
  </header>

  <div class="style-tabs" id="styleTabs">
    <button class="style-tab active" data-set="0">Set 1</button>
    <button class="style-tab" data-set="1">Set 2</button>
    <button class="style-tab" data-set="2">Set 3</button>
    <button class="style-tab" data-set="3">Set 4</button>
  </div>

  <div class="card">
    <div class="progress-row">
      <div class="progress-track"><div class="progress-fill" id="progressFill"></div></div>
      <div class="progress-label" id="progressLabel">0%</div>
    </div>
    <div class="palette" id="palette"></div>
    <div class="grid-shell" id="gridShell"><div class="grid" id="grid"></div></div>
    <div class="controls">
      <button class="reset-btn" id="resetBtn">Clear this painting</button>
      <button class="reset-btn" id="peekBtn">Peek at the finished painting</button>
    </div>
  </div>
</div>

<div class="overlay" id="overlay">
  <div class="celebrate-card">
    <h2>You did it!</h2>
    <p id="celebrateText">You painted those perfect soft pink tits. Nice work!</p>
    <button id="celebrateClose">Done!</button>
  </div>
</div>

<script>
const SETS = [
  // ===== SET 1 =====
  {
    id: 'tits-1',
    cols: 48, rows: 48,
    grid: [
      [7,8,8,3,3,3,3,5,5,7,8,12,14,14,14,14,12,12,6,4,7,7,6,9,14,14,14,14,14,14,11,9,9,11,14,14,14,14,14,12,12,12,12,12,12,12,12,12],
      [8,9,9,5,3,3,3,3,3,3,3,3,7,10,12,12,10,9,3,2,5,7,6,10,14,14,14,14,14,14,9,9,13,14,14,14,14,14,12,12,12,12,12,12,12,12,12,12],
      [10,12,10,7,5,3,3,3,3,2,2,3,3,2,3,7,7,7,5,1,1,6,5,10,14,14,14,14,14,11,11,14,14,14,14,14,14,14,12,12,12,12,12,12,12,12,12,12],
      [12,12,9,8,5,3,3,3,3,2,2,3,5,3,2,3,3,5,5,3,1,3,5,9,14,14,14,14,14,14,14,14,14,14,14,14,14,14,12,12,12,12,12,12,12,12,12,10],
      [12,12,9,8,7,5,3,3,2,1,2,3,5,5,3,3,3,3,3,3,3,5,7,5,7,10,14,14,14,14,14,14,14,14,14,14,14,14,12,12,12,12,12,12,12,12,12,11],
      [14,12,10,8,8,7,5,3,2,1,2,3,5,5,7,5,5,3,3,3,3,3,3,4,3,3,5,8,9,10,12,12,14,12,14,14,14,14,14,12,12,12,12,12,12,12,11,11],
      [14,12,10,9,8,7,5,3,1,1,2,3,5,5,7,7,7,5,5,5,3,3,3,3,3,3,4,5,5,7,7,8,9,12,12,14,14,14,14,14,12,12,12,12,12,11,11,11],
      [14,12,10,9,8,7,5,2,1,2,3,3,5,5,5,7,7,7,5,5,5,5,5,5,5,5,5,5,7,7,7,5,3,3,8,12,14,14,14,14,12,12,14,14,11,11,11,11],
      [14,12,10,10,8,7,5,2,2,2,3,5,5,5,7,5,5,5,5,5,5,5,5,5,5,5,5,5,7,7,7,5,5,3,1,6,14,14,14,14,12,14,14,11,11,11,11,11],
      [14,14,10,10,8,7,5,3,2,3,3,5,5,5,7,7,5,5,5,5,5,5,3,3,3,3,3,5,5,5,5,5,5,5,3,1,10,14,14,14,14,12,11,11,11,11,11,11],
      [14,14,10,9,8,7,5,3,3,3,3,5,5,7,7,7,7,7,7,5,5,5,3,2,2,2,3,4,5,5,5,5,5,5,5,2,4,14,14,14,13,11,11,11,11,11,11,11],
      [14,12,10,8,7,6,4,3,2,3,4,4,5,7,7,7,7,7,6,7,7,5,5,3,2,2,2,4,5,5,5,5,5,5,5,5,2,12,14,13,11,11,11,11,11,11,11,11],
      [14,12,9,8,7,6,4,3,2,2,3,4,5,6,7,7,6,6,6,6,7,5,5,3,2,1,2,4,5,5,6,7,6,5,5,7,5,8,13,11,11,11,11,11,11,11,11,11],
      [14,10,8,7,6,4,4,2,2,2,2,2,3,5,6,5,5,5,5,5,5,5,6,5,3,1,2,5,6,7,7,7,7,7,7,6,7,5,8,11,11,11,11,11,11,11,11,11],
      [12,9,7,6,4,4,3,2,2,2,2,2,2,2,4,5,5,5,5,5,5,5,5,5,4,1,1,5,7,7,7,7,7,7,7,6,5,5,5,8,11,11,11,11,11,11,11,11],
      [10,8,7,6,4,4,4,2,2,4,4,2,2,2,2,4,4,3,4,4,4,5,5,5,5,2,1,4,7,7,7,7,7,7,7,6,5,5,5,2,6,11,11,11,11,11,11,11],
      [9,8,6,6,4,4,4,4,6,7,7,7,4,2,1,2,2,2,3,3,3,4,4,5,5,3,1,4,7,8,8,8,8,7,7,6,5,5,4,3,1,4,11,11,11,11,11,11],
      [9,7,6,6,6,4,6,7,8,8,8,8,8,7,2,1,1,1,2,2,2,3,3,4,5,3,1,2,7,8,8,8,8,7,7,6,5,4,3,2,2,1,4,11,11,11,11,11],
      [8,7,6,6,6,6,8,9,8,8,8,8,8,8,5,1,1,1,1,1,2,2,2,3,4,4,1,2,7,8,8,8,8,8,7,7,6,4,2,2,1,1,1,6,9,11,11,11],
      [8,7,7,6,7,7,8,9,8,9,9,8,8,8,7,3,1,1,1,1,1,1,2,2,3,4,1,1,7,8,9,9,8,8,8,7,6,4,2,1,1,1,1,2,6,9,11,11],
      [9,8,7,7,7,8,10,8,9,12,10,8,8,8,7,4,1,1,1,1,1,1,2,2,3,4,2,1,7,8,9,9,9,9,8,7,7,6,3,1,1,1,1,1,4,7,9,11],
      [9,8,8,7,8,9,10,10,10,14,14,12,8,8,6,4,1,1,1,1,1,1,1,2,3,4,2,1,7,9,10,10,10,9,9,8,7,6,4,2,1,1,1,1,2,4,9,13],
      [9,9,8,8,8,10,10,10,10,12,12,10,8,7,6,4,1,1,1,1,1,1,1,2,2,4,2,1,4,9,10,10,10,10,9,9,8,7,4,2,1,1,1,1,1,4,6,11],
      [10,9,9,9,9,10,10,10,10,8,8,8,8,7,7,6,1,1,1,1,1,1,1,2,4,4,2,1,2,8,10,12,12,10,10,9,9,7,6,4,2,1,1,1,1,5,7,11],
      [11,10,9,9,9,10,10,10,10,9,8,8,8,8,7,6,2,1,1,1,1,1,2,2,4,6,2,1,1,3,9,12,12,12,12,10,9,9,7,6,4,4,2,2,2,4,8,13],
      [11,11,10,9,9,10,10,10,10,9,9,8,8,8,7,4,2,2,2,2,2,2,2,4,6,6,2,1,1,1,6,12,12,12,12,12,10,9,9,7,6,6,4,4,4,4,9,13],
      [12,12,11,10,10,10,10,10,10,10,10,9,9,8,7,4,4,2,2,2,4,4,4,6,7,4,1,1,1,1,1,9,14,12,12,12,12,10,10,9,8,7,6,4,4,4,10,13],
      [13,12,12,11,10,10,10,10,10,10,10,10,8,8,7,6,4,4,4,4,4,6,6,7,7,2,1,1,1,1,1,2,12,14,12,12,12,12,12,10,9,8,7,7,6,7,13,13],
      [13,12,12,12,11,10,10,10,10,9,9,9,8,7,7,6,6,4,6,6,6,7,8,8,4,1,2,2,2,2,1,1,4,12,14,12,12,12,12,12,10,9,9,8,8,11,13,13],
      [13,13,12,12,12,12,10,10,10,9,9,9,8,8,7,7,7,6,6,7,7,8,8,6,2,2,2,2,2,2,2,2,2,6,14,14,12,12,12,12,12,12,10,10,11,13,13,13],
      [11,13,13,13,12,12,12,11,10,10,10,9,9,8,8,8,7,7,8,8,9,9,6,2,2,2,2,2,3,4,2,2,2,2,7,14,14,14,12,12,12,12,12,13,13,13,13,13],
      [12,13,13,13,12,12,12,12,12,10,10,10,9,9,9,8,9,9,9,10,9,7,4,2,2,2,2,2,3,4,4,2,2,2,2,6,12,14,14,11,13,13,13,13,13,13,13,13],
      [12,12,12,12,12,12,12,12,12,12,12,11,10,10,10,10,10,10,10,9,7,4,2,2,2,1,2,2,3,4,4,3,2,2,2,2,4,10,13,11,13,13,13,13,13,13,13,13],
      [12,14,14,12,12,12,12,12,12,12,12,12,12,12,12,12,12,12,9,7,5,3,2,2,1,1,2,2,2,4,6,4,2,2,2,2,3,3,9,13,13,13,13,13,13,13,13,13],
      [12,14,14,14,14,14,14,14,12,12,12,12,12,12,14,14,12,8,7,6,4,2,2,1,1,2,2,2,3,4,6,6,4,2,2,2,2,3,9,13,13,13,13,13,13,13,13,13],
      [12,14,14,14,14,14,14,14,14,14,14,14,14,14,12,9,7,7,6,5,3,2,1,1,1,2,2,3,3,4,6,6,6,3,2,2,2,2,8,13,13,13,13,13,13,13,13,13],
      [12,14,14,14,14,14,14,14,14,14,14,14,12,10,7,7,7,6,5,4,3,2,1,1,2,2,3,3,3,4,7,7,6,5,3,2,2,2,8,13,13,13,13,13,13,13,13,13],
      [12,14,14,14,14,14,14,14,14,14,14,12,9,8,7,7,7,6,5,4,3,2,1,2,2,2,3,3,3,4,6,7,7,6,4,3,2,2,7,13,13,13,13,13,13,13,13,13],
      [12,14,14,14,14,14,14,14,14,12,10,9,9,9,8,8,7,6,6,4,3,2,2,2,2,3,3,3,3,4,7,7,7,7,6,4,3,2,7,13,13,13,13,13,13,13,13,13],
      [12,14,14,14,14,14,14,12,10,10,10,10,9,9,8,8,7,7,6,4,3,2,2,3,3,3,3,4,4,5,7,7,7,7,6,6,4,3,7,13,13,13,13,13,13,13,13,13],
      [12,14,14,14,14,14,12,10,10,10,10,10,9,9,9,8,8,7,6,4,3,3,3,3,3,4,3,4,4,5,6,7,7,7,7,7,6,4,7,13,13,13,13,13,13,13,13,13],
      [13,14,14,14,14,12,10,10,10,9,9,9,9,9,9,8,8,7,6,4,4,3,4,4,4,4,4,5,5,4,6,7,7,7,7,7,7,5,8,13,13,13,13,13,13,13,13,13],
      [13,14,14,14,12,12,12,10,9,9,9,9,9,9,9,9,8,7,7,6,4,5,5,5,5,5,5,5,5,5,6,7,7,7,7,7,7,6,9,13,13,13,13,13,13,13,13,13],
      [13,14,14,14,12,12,12,10,10,9,9,9,9,9,9,9,8,7,7,7,6,6,6,6,5,5,6,5,5,5,6,7,7,7,7,7,8,7,10,13,13,13,13,13,13,13,13,13],
      [13,12,14,14,12,12,10,10,10,10,9,9,9,9,9,9,8,7,7,7,6,7,7,6,6,6,5,5,5,5,6,7,7,7,7,8,8,8,11,13,13,13,13,13,13,13,13,13],
      [11,12,14,14,12,12,10,10,10,10,9,9,9,9,9,9,8,8,8,7,7,7,7,7,7,7,5,5,5,5,6,6,7,7,7,8,8,9,13,13,13,13,13,13,13,13,13,13],
      [11,12,14,14,12,12,12,10,10,10,9,9,9,9,9,9,8,8,8,8,8,8,7,7,7,6,5,5,5,5,6,5,6,7,7,8,8,10,13,13,13,13,13,13,13,13,13,13],
      [11,13,14,14,14,12,12,10,10,10,9,9,9,9,9,9,9,8,8,8,8,8,8,7,7,7,6,5,5,5,6,6,6,7,7,8,8,10,13,13,13,13,13,13,13,13,13,13],
    ],
    palette: {
      1: '#DCCABE', 2: '#D3BCAC', 3: '#D0B29E', 4: '#C7AF9E', 5: '#C7A48E',
      6: '#BFA290', 7: '#B89784', 8: '#AB8674', 9: '#967B6D', 10: '#8B695B',
      11: '#6A655C', 12: '#6F5042', 13: '#5B564C', 14: '#533726'
    },
    celebrateText: "You painted those perfect soft tits. Nice work!"
  },

  // ===== SET 2 =====
  {
    id: 'tits-2',
    cols: 48, rows: 48,
    grid: [
      [4,4,4,11,12,11,11,11,11,10,9,9,11,9,10,11,12,12,12,12,12,12,12,12,10,10,10,8,8,8,6,9,12,12,12,12,12,12,12,12,11,11,12,12,12,12,11,11],
      [4,4,4,7,12,11,11,11,11,11,10,11,11,8,9,10,12,12,12,12,12,12,12,12,8,8,9,9,9,7,6,9,12,12,12,12,12,12,12,12,11,9,10,12,12,12,11,11],
      [4,4,4,4,11,12,11,11,11,11,10,12,10,8,8,9,11,12,12,12,12,12,12,12,7,7,8,10,9,6,8,10,12,12,12,12,12,12,12,11,10,8,9,11,12,11,11,11],
      [4,4,4,4,8,12,11,11,11,11,11,12,10,8,7,8,9,11,12,12,12,12,12,12,6,5,9,11,8,6,8,10,12,12,12,12,12,12,11,11,9,8,7,10,11,11,11,11],
      [4,4,4,4,4,12,12,12,12,11,12,12,9,7,6,6,8,9,11,12,11,12,12,12,5,5,9,11,7,7,9,11,11,11,12,12,12,12,11,10,9,7,6,9,10,10,10,11],
      [4,4,4,4,4,10,12,12,12,12,12,11,9,7,6,6,6,8,9,10,10,10,11,11,6,5,10,10,8,9,10,10,10,11,11,12,11,11,11,10,8,6,5,7,9,9,9,10],
      [4,4,4,4,4,4,12,12,12,12,12,11,9,7,6,5,6,8,9,10,9,9,8,8,6,7,10,10,8,9,9,9,9,10,11,11,11,10,10,9,7,6,5,6,7,8,8,9],
      [4,4,4,4,4,4,11,12,12,12,12,11,9,7,6,5,6,8,9,10,10,9,8,7,7,8,9,9,8,8,8,8,9,10,10,11,10,9,9,8,7,5,5,5,6,6,7,8],
      [4,4,4,4,4,4,7,12,12,12,12,11,9,7,6,6,6,7,8,9,10,9,8,7,8,8,8,8,8,8,8,8,8,9,10,10,9,8,7,7,6,5,5,5,5,5,6,7],
      [4,4,4,4,4,4,4,12,12,12,12,11,9,7,7,6,6,7,8,9,9,8,7,8,8,8,8,8,7,7,7,8,9,9,9,9,8,7,6,6,5,5,5,5,5,5,5,6],
      [4,4,4,4,4,4,4,11,12,12,11,11,9,8,8,7,7,7,8,8,9,8,8,8,8,7,7,7,7,7,8,8,9,9,9,8,7,6,5,5,5,5,3,5,5,4,5,5],
      [4,4,4,4,4,4,4,11,12,12,11,10,9,8,8,8,7,7,8,8,8,8,8,7,7,7,7,7,7,8,8,8,9,9,8,8,7,6,5,5,3,3,3,5,4,3,3,4],
      [4,4,4,4,4,4,4,11,12,11,11,10,10,9,8,8,7,7,7,7,7,8,7,7,7,7,7,7,7,8,8,8,8,8,8,8,7,6,5,4,3,3,3,3,3,3,3,2],
      [4,4,4,4,4,4,4,11,12,11,11,10,10,9,8,8,7,6,6,6,7,7,7,7,7,7,7,7,7,8,8,8,8,8,8,8,7,6,5,5,3,3,3,3,3,3,3,1],
      [4,4,4,4,4,4,4,11,11,11,10,10,9,9,8,7,6,6,6,6,6,6,6,6,7,7,7,7,8,8,8,9,9,8,8,8,7,6,5,5,5,3,3,3,3,3,4,1],
      [4,4,4,4,4,4,4,11,11,10,10,10,9,8,8,7,6,6,6,6,6,6,6,6,7,7,7,8,8,9,9,9,9,9,8,8,7,6,6,5,5,5,3,3,3,3,2,1],
      [4,4,4,4,4,4,4,11,10,10,9,9,8,8,7,6,6,6,5,5,5,5,5,7,7,7,8,9,9,9,9,9,9,9,8,8,7,6,6,5,5,5,4,3,3,3,2,1],
      [4,4,4,4,4,4,7,10,10,9,9,8,8,7,6,6,5,5,5,5,5,5,5,7,7,8,9,10,10,10,10,9,9,9,8,8,7,7,6,5,5,5,4,4,3,3,2,1],
      [4,4,4,4,4,4,10,9,8,8,8,8,7,7,6,6,5,5,5,5,5,5,6,7,8,9,10,10,10,10,10,10,9,9,8,8,7,7,6,5,5,4,4,4,3,3,1,1],
      [4,4,4,4,4,10,10,8,8,8,8,7,7,6,6,5,5,5,3,3,3,4,6,8,9,10,10,11,10,10,10,10,9,9,8,8,7,7,6,5,5,4,4,4,4,4,1,1],
      [4,4,4,4,8,10,9,8,7,7,7,7,6,6,5,5,5,5,3,3,3,4,6,8,10,10,11,11,11,10,10,10,9,9,8,8,7,6,6,5,5,4,4,4,3,2,1,1],
      [4,4,4,7,11,10,9,8,7,7,7,6,6,5,5,5,5,5,3,3,3,4,6,9,11,11,11,11,11,11,10,10,9,9,8,7,7,6,5,5,5,5,4,4,3,3,2,1],
      [4,4,7,10,11,11,8,7,7,7,6,6,5,5,5,5,5,3,3,3,3,4,7,10,11,11,11,11,11,11,10,10,9,9,8,8,7,6,5,5,5,4,4,3,3,3,2,1],
      [4,4,10,11,11,10,8,7,7,6,6,5,5,5,5,3,3,3,3,3,3,4,7,11,11,11,11,11,11,11,10,10,9,9,8,8,7,6,5,5,5,6,5,3,2,2,2,1],
      [4,7,12,12,11,10,8,7,7,6,5,5,5,5,3,3,3,2,2,3,3,4,8,11,11,11,11,11,11,11,10,10,10,9,8,7,7,7,5,6,7,7,7,5,3,2,2,2],
      [4,9,10,10,11,10,7,7,6,6,5,5,5,4,3,3,2,2,2,3,4,5,10,11,11,11,11,11,11,11,11,10,10,9,8,7,7,7,6,7,9,8,8,7,5,2,2,2],
      [7,10,6,7,10,9,7,7,6,6,5,5,5,3,3,2,2,2,2,3,5,7,11,11,11,11,11,11,11,11,11,10,10,9,8,7,7,7,7,9,9,9,7,7,6,3,2,2],
      [7,12,11,10,11,9,7,7,6,6,5,5,4,3,3,2,2,2,3,4,6,9,11,11,11,11,11,11,11,11,11,10,10,9,8,8,7,7,7,9,10,11,10,8,6,5,2,2],
      [8,12,12,11,10,9,7,7,6,6,5,5,4,3,3,2,2,3,5,5,8,10,11,11,11,11,11,11,11,11,11,11,10,9,9,8,7,7,9,9,10,12,12,9,6,5,2,2],
      [10,12,12,11,10,9,8,7,7,6,5,5,4,3,3,2,3,4,5,7,9,11,11,11,12,11,11,11,11,11,11,11,10,10,9,8,7,7,8,10,10,12,12,9,6,5,2,2],
      [10,12,12,11,10,9,8,7,7,6,5,5,5,4,3,3,4,5,6,8,10,11,11,11,12,12,11,11,11,11,11,11,10,10,9,8,7,7,9,9,9,11,12,10,7,5,2,2],
      [8,12,12,11,11,10,8,8,7,6,6,5,5,4,4,4,5,5,7,10,11,10,11,11,12,12,11,11,11,11,11,11,11,10,10,9,8,7,8,9,9,8,8,8,6,5,3,2],
      [7,11,12,11,11,10,9,8,7,7,6,5,5,4,5,5,5,7,9,11,10,10,11,11,12,12,12,11,11,11,11,11,11,10,10,9,8,7,8,9,8,8,7,6,5,5,2,2],
      [4,10,12,12,11,10,10,9,8,7,7,5,5,5,5,5,7,9,11,10,10,10,11,11,12,12,12,12,11,11,11,11,11,11,10,9,8,7,7,8,8,7,6,6,5,5,2,2],
      [7,7,12,12,11,11,10,10,8,7,7,6,5,6,6,7,9,11,10,10,10,10,11,11,11,12,12,12,12,11,11,11,11,11,11,10,9,8,7,8,8,7,7,6,5,3,3,4],
      [7,4,7,12,12,11,11,10,9,8,7,7,7,7,8,10,11,10,10,10,10,10,11,11,11,12,12,12,12,12,11,11,11,11,11,10,9,8,8,7,7,7,7,6,5,3,4,4],
      [7,7,4,7,11,12,11,11,10,10,8,8,9,11,11,11,10,10,10,10,10,10,11,11,11,11,12,12,12,12,12,12,11,11,11,10,10,9,8,7,7,7,6,5,4,4,4,4],
      [7,4,4,4,4,8,11,12,11,11,11,12,12,12,11,10,10,10,9,9,9,10,10,11,11,11,11,12,12,12,12,12,12,11,11,11,10,9,8,7,7,6,5,5,4,4,4,1],
      [7,4,4,4,4,4,7,12,12,12,12,12,12,11,10,10,10,9,9,8,9,10,10,10,11,11,11,11,12,12,12,11,11,11,11,11,10,10,8,8,7,7,6,5,5,4,1,4],
      [7,4,4,4,4,4,7,12,12,12,12,12,11,11,10,10,9,8,8,8,8,10,10,10,10,10,10,11,11,12,12,12,11,11,11,11,11,10,9,8,7,7,7,7,4,4,4,4],
      [7,4,4,4,4,4,7,12,12,12,12,12,11,10,10,9,8,8,8,7,8,10,10,10,10,9,9,10,10,11,11,12,12,11,11,11,11,11,10,9,8,7,7,4,1,4,4,4],
      [7,4,4,4,4,4,7,12,12,12,12,12,11,10,10,8,8,7,7,7,8,10,10,10,9,8,8,8,8,9,10,10,11,11,10,10,8,8,8,7,5,4,4,4,4,4,4,4],
      [7,4,4,4,4,4,7,12,12,12,12,12,11,10,9,8,8,7,7,7,8,10,11,10,9,8,7,7,7,7,7,7,7,7,6,5,4,3,2,2,3,4,4,4,4,4,4,4],
      [7,4,4,4,4,4,4,12,12,12,12,12,11,10,9,8,7,7,7,7,8,10,11,10,9,8,7,6,6,5,5,5,5,5,4,4,3,3,3,4,4,4,4,4,4,4,4,4],
      [7,4,4,4,4,4,4,12,12,12,12,12,11,10,9,8,7,7,7,7,8,10,11,10,10,8,7,7,5,5,4,4,4,4,3,3,3,3,4,4,4,4,4,4,4,4,4,4],
      [7,4,4,4,4,4,4,11,12,12,12,12,11,10,9,8,8,7,7,7,8,10,11,11,10,9,8,7,5,5,4,3,3,3,3,3,3,4,4,4,4,4,4,4,4,4,4,4],
      [7,4,4,4,4,4,4,11,12,12,12,12,11,11,10,9,8,8,7,7,8,10,11,11,10,10,8,7,6,5,4,3,2,2,2,3,4,4,4,4,4,4,4,4,4,4,4,4],
      [7,7,4,4,4,4,4,11,12,12,12,12,11,11,10,9,8,8,8,8,9,11,11,11,10,10,9,7,7,5,4,4,3,2,3,4,4,4,4,4,4,4,4,4,4,4,4,4],
    ],
    palette: {
      1: '#D6C5D4', 2: '#D5B7C0', 3: '#D4AAAF', 4: '#AAA6B1', 5: '#BC9596',
      6: '#B08583', 7: '#9D8180', 8: '#96736D', 9: '#906963', 10: '#81605A',
      11: '#724E47', 12: '#54362E'
    },
    celebrateText: "You painted those perfect soft pink tits. Nice work!"
  },

  // ===== SET 3 =====
  {
    id: 'tits-3',
    cols: 48, rows: 48,
    grid: [
      [8,8,9,8,9,6,5,9,11,12,11,7,12,12,12,11,9,8,9,9,9,11,12,12,12,12,12,12,9,7,7,6,6,8,9,9,9,9,8,8,8,8,8,8,6,6,6,6],
      [8,8,9,9,8,5,5,6,11,12,12,12,12,12,12,11,9,8,9,11,9,11,12,12,12,12,12,9,8,8,9,11,11,11,10,10,10,10,11,11,11,11,11,11,11,9,9,9],
      [8,8,8,9,8,5,4,6,9,12,12,12,12,12,12,11,9,8,8,11,11,9,12,12,12,12,11,9,11,12,12,12,10,7,7,7,7,7,7,7,7,7,7,9,10,11,11,11],
      [6,8,8,9,8,5,4,5,8,11,12,12,12,11,11,12,11,8,8,11,11,9,11,12,12,12,12,12,11,11,7,4,4,7,7,7,10,10,10,10,10,10,7,7,7,7,10,11],
      [6,6,6,8,8,6,4,5,6,9,11,12,12,11,9,11,11,11,8,11,12,8,11,12,12,12,12,10,4,4,7,10,12,12,12,12,12,12,11,11,11,11,11,11,11,9,9,8],
      [6,5,5,6,8,6,4,4,5,6,9,11,12,11,9,8,9,9,9,11,12,9,9,12,12,12,12,12,11,12,12,12,12,12,12,11,11,11,11,9,9,9,8,6,6,6,5,5],
      [6,5,5,6,6,6,4,4,5,5,6,9,11,11,9,9,8,8,8,11,12,11,8,11,11,11,12,12,12,12,12,12,12,12,11,11,9,9,9,8,8,6,6,5,5,5,5,5],
      [6,5,5,6,6,6,5,4,4,4,5,6,8,9,9,9,8,8,8,8,11,11,9,9,11,12,12,12,12,11,11,11,11,11,9,9,9,11,8,6,6,5,5,5,5,5,6,6],
      [6,5,5,6,6,6,5,4,4,4,4,5,6,8,8,8,9,8,8,8,8,9,9,11,11,12,12,11,11,11,11,9,9,9,9,9,11,11,8,6,6,6,6,6,6,6,6,8],
      [9,5,5,5,6,6,5,4,3,3,3,4,5,6,6,8,8,9,8,8,8,9,9,11,11,12,11,11,11,11,11,9,9,9,9,11,12,12,11,9,9,9,9,9,9,9,10,11],
      [10,5,5,5,5,5,4,3,3,3,3,3,4,5,6,8,8,8,8,8,8,8,9,9,11,11,11,11,11,11,11,11,9,9,11,11,12,12,12,11,11,11,11,11,11,11,11,11],
      [10,6,4,4,5,5,4,3,3,3,3,3,4,5,5,6,8,8,8,8,8,8,8,9,11,11,11,11,11,11,11,11,11,9,11,12,12,12,11,9,9,9,9,11,11,11,11,11],
      [10,6,4,4,4,4,4,3,3,2,2,3,3,4,5,6,8,8,8,8,8,8,8,8,8,9,11,11,11,11,11,11,11,11,11,12,12,12,12,11,11,11,10,10,10,7,7,7],
      [10,6,4,4,4,4,3,3,3,2,2,2,3,3,5,6,8,8,8,8,8,8,8,8,8,8,8,9,9,11,11,11,11,12,12,12,12,12,10,10,7,7,7,7,7,7,7,7],
      [10,7,4,4,4,4,3,3,3,2,2,2,2,3,4,6,8,8,9,11,9,11,9,6,6,6,6,8,8,9,11,11,11,12,12,12,10,7,7,7,7,7,7,7,7,7,7,7],
      [10,9,5,4,4,4,3,3,3,2,2,2,2,3,3,4,8,9,11,11,11,11,11,6,5,5,5,6,6,8,9,11,11,11,12,10,7,7,7,7,7,7,7,7,7,7,7,7],
      [10,10,5,4,4,3,3,3,2,2,2,3,3,3,3,4,6,9,11,12,12,12,11,8,4,4,4,4,5,6,6,8,8,9,11,7,7,7,7,7,7,7,7,7,7,7,7,7],
      [10,10,5,4,4,3,3,2,1,2,3,3,4,5,5,4,5,8,11,12,12,12,11,9,4,3,3,4,4,4,5,5,5,4,5,7,7,7,7,7,7,7,7,7,7,7,7,7],
      [10,10,6,4,4,3,2,1,1,2,5,8,5,6,8,6,6,9,11,12,12,12,12,9,4,3,3,3,3,3,4,4,4,4,4,4,9,7,8,10,7,7,7,7,7,7,7,7],
      [10,10,8,4,3,2,1,1,1,3,6,12,12,11,9,7,7,9,11,12,12,11,12,11,5,3,3,3,3,3,3,3,3,4,4,4,6,6,8,10,7,7,7,7,7,7,7,7],
      [10,10,10,4,3,1,1,1,1,2,8,12,12,11,10,9,9,10,11,12,12,11,12,11,6,3,3,2,2,2,3,3,3,4,4,4,6,9,12,10,7,7,7,10,10,10,10,10],
      [10,10,10,4,2,1,1,1,1,3,4,6,9,10,10,9,10,11,12,12,11,11,11,11,6,3,3,3,2,2,3,3,3,4,4,5,6,11,12,11,7,10,10,10,10,10,10,10],
      [10,10,11,4,1,1,1,1,1,3,4,5,8,9,9,9,11,11,12,12,11,11,12,11,8,4,3,3,3,3,3,3,3,4,5,6,8,11,12,11,7,10,10,10,10,10,10,10],
      [10,10,11,5,1,1,1,1,2,3,4,6,8,9,9,10,11,11,12,12,12,12,12,11,8,6,4,3,3,3,3,3,4,4,5,6,9,11,12,11,7,10,10,10,10,10,10,10],
      [10,10,11,6,2,1,1,2,2,3,4,6,6,8,9,11,11,11,12,12,12,12,12,11,8,6,6,4,4,3,3,4,4,5,6,8,10,11,12,10,7,7,10,10,10,10,10,10],
      [10,10,11,7,2,2,2,2,3,3,4,5,6,8,9,11,11,11,12,12,12,12,11,11,9,6,6,6,5,4,4,4,5,6,6,9,11,11,12,10,7,7,10,10,10,10,10,10],
      [10,10,11,7,3,2,2,3,3,4,5,6,8,9,9,11,11,11,12,12,12,12,11,10,9,6,6,6,6,8,6,5,6,8,9,10,11,11,11,7,7,7,10,10,10,10,10,10],
      [10,10,11,10,3,3,3,3,4,4,6,6,8,9,11,11,11,11,12,12,11,11,9,9,9,6,6,6,6,8,9,9,8,9,9,11,11,12,10,7,7,7,7,10,10,10,10,10],
      [10,10,10,10,3,3,4,4,5,6,6,8,9,9,9,11,11,11,11,11,11,9,9,9,9,8,6,6,8,8,9,11,11,11,11,11,11,10,7,7,7,7,7,10,10,10,10,10],
      [10,10,10,10,3,2,4,6,6,6,8,8,8,9,9,11,11,11,11,11,9,8,8,9,9,8,6,6,8,9,9,11,12,12,12,11,7,7,7,7,7,7,7,7,10,10,10,10],
      [10,10,10,10,4,2,2,4,6,8,6,8,8,9,11,11,11,11,9,9,6,6,8,9,9,8,6,6,6,9,11,11,12,12,12,11,7,7,7,7,7,7,7,7,7,10,10,10],
      [10,10,10,11,4,2,2,1,3,6,9,9,9,9,9,9,9,8,6,6,6,6,6,8,9,6,6,6,6,9,10,11,11,12,12,12,7,7,7,7,7,7,7,7,10,10,10,10],
      [10,10,10,11,5,2,2,1,1,2,4,5,6,6,6,6,6,5,5,5,5,5,6,8,9,8,5,6,6,8,9,11,11,12,12,12,7,7,7,7,7,7,7,7,7,10,10,10],
      [10,10,10,10,6,2,2,2,1,1,2,3,3,4,4,4,4,4,4,4,4,4,6,8,9,8,5,5,6,6,8,11,11,12,12,12,7,7,7,7,7,7,7,7,7,7,10,10],
      [10,10,10,10,10,3,2,2,1,1,1,2,2,3,3,3,3,3,4,4,4,4,6,8,9,8,5,5,6,6,8,9,11,12,12,12,7,7,7,7,7,7,7,7,7,7,10,10],
      [10,10,10,10,10,3,2,2,2,2,2,2,1,2,2,2,3,3,3,3,4,4,6,8,9,9,6,5,5,6,6,9,11,12,12,12,10,7,7,7,7,7,7,7,7,7,10,10],
      [10,10,10,10,10,3,2,2,2,2,2,2,2,2,2,2,2,2,3,3,4,4,6,8,9,9,6,5,5,6,6,8,11,12,12,12,10,7,7,7,7,7,7,7,7,7,7,10],
      [10,10,10,10,10,4,2,2,2,3,2,2,2,2,2,2,2,2,3,3,4,5,6,8,9,9,6,5,5,6,6,8,9,11,12,12,11,7,7,7,7,7,7,7,7,7,7,10],
      [10,10,10,10,10,4,2,2,2,2,3,3,2,2,2,2,2,2,3,3,4,5,6,8,9,9,8,5,5,6,6,8,9,11,12,12,11,7,7,7,7,7,7,7,7,7,7,10],
      [10,10,10,10,10,5,2,2,2,2,2,3,3,3,2,2,2,3,3,4,4,6,8,9,9,9,8,5,6,6,8,8,9,11,12,12,12,7,7,7,7,7,7,7,7,7,7,10],
      [10,10,10,10,10,6,2,2,2,2,2,2,3,3,2,2,2,3,3,4,5,6,8,9,9,9,8,6,6,6,8,9,11,11,12,12,12,7,7,7,7,7,7,7,7,7,7,10],
      [10,10,10,10,10,7,2,2,2,2,2,2,3,3,3,3,3,3,4,5,6,6,8,8,9,9,8,6,6,8,9,9,11,11,12,12,12,7,7,7,7,7,7,7,7,7,7,7],
      [10,10,10,10,10,9,2,2,2,2,2,2,2,2,3,3,3,4,5,6,6,6,8,8,9,9,9,6,6,8,9,11,11,11,11,12,12,10,7,7,7,7,7,7,7,7,7,7],
      [10,10,10,10,10,10,3,2,2,2,2,2,2,2,3,3,4,4,5,6,6,6,6,8,9,9,9,6,6,8,9,11,11,11,12,12,12,10,7,7,7,7,7,7,7,7,7,7],
      [10,10,10,10,10,10,3,2,2,2,2,2,2,2,3,3,4,5,6,6,6,6,6,8,9,9,9,8,6,8,9,11,11,12,12,12,12,12,7,7,7,7,7,7,7,7,7,7],
      [10,10,10,10,10,10,4,2,2,3,2,2,2,3,3,4,5,6,6,6,5,6,6,8,9,9,9,8,6,8,9,11,11,12,12,12,12,12,7,7,7,7,7,7,7,7,7,7],
      [10,10,10,10,10,10,5,3,3,3,3,2,2,3,3,4,5,6,6,5,5,6,6,6,8,9,9,8,8,9,11,11,12,12,12,12,12,12,11,7,7,7,7,7,7,7,7,7],
      [10,10,10,10,10,10,6,3,3,3,3,3,3,3,4,5,6,6,6,5,5,5,6,6,8,9,9,8,8,9,11,11,12,12,12,12,12,12,12,10,7,7,7,7,7,7,7,7],
    ],
    palette: {
      1: '#FFDBDA', 2: '#ECC3C1', 3: '#CEA6A4', 4: '#AC928D', 5: '#A6827B',
      6: '#92786F', 7: '#727874', 8: '#85685C', 9: '#796558', 10: '#65645A',
      11: '#695448', 12: '#503C30'
    },
    celebrateText: "You painted those perfect soft pink tits. Nice work!"
  },

  // ===== SET 4 =====
  {
    id: 'tits-4',
    cols: 48, rows: 48,
    grid: [
      [4,5,4,4,4,4,4,4,4,4,4,4,4,4,4,4,5,5,5,5,5,5,5,8,8,6,6,8,8,9,9,9,8,8,8,8,8,8,8,8,2,2,2,2,2,2,2,2],
      [4,4,4,4,4,4,4,4,5,5,4,4,4,4,4,5,5,5,5,5,5,5,5,8,8,6,8,8,8,8,8,8,8,8,8,8,8,8,8,9,4,1,2,2,2,2,2,2],
      [4,4,4,4,4,4,4,4,5,5,5,5,4,4,4,4,4,5,5,5,5,5,5,8,8,8,8,8,8,8,8,8,8,8,8,8,8,8,8,9,8,0,2,2,2,2,2,2],
      [4,4,4,4,4,4,4,4,4,5,5,5,5,4,4,4,4,5,5,5,5,5,5,8,8,8,8,8,8,5,8,8,8,8,8,8,8,8,8,9,8,0,2,2,2,2,2,2],
      [4,4,4,4,4,4,4,4,4,5,5,5,5,5,4,4,4,4,4,5,5,5,5,5,8,8,8,5,5,5,5,5,8,8,8,9,8,8,9,10,8,0,2,2,2,2,2,2],
      [4,4,4,4,4,4,4,4,4,4,5,5,5,5,5,4,4,4,4,4,4,5,5,5,5,5,8,5,5,5,5,5,5,8,8,9,9,9,9,10,8,0,2,2,2,2,2,2],
      [4,4,4,4,4,4,4,4,4,4,5,5,5,5,5,4,4,4,4,4,4,4,5,5,5,5,5,5,5,5,5,5,5,8,8,8,9,9,9,10,8,0,2,2,2,2,2,2],
      [4,4,4,4,4,4,4,4,4,4,4,4,5,5,5,4,4,4,4,4,4,4,5,5,5,5,5,5,5,5,5,5,5,5,8,8,9,10,9,10,8,0,2,2,2,2,2,2],
      [4,4,4,4,4,4,4,4,4,4,4,4,4,5,5,5,4,4,4,4,4,4,4,5,5,5,4,4,4,5,5,5,5,5,8,8,9,10,10,10,8,0,2,2,2,2,2,2],
      [4,4,4,4,4,4,4,4,4,4,4,4,4,4,5,5,5,4,4,4,4,4,4,4,4,4,4,4,4,4,5,5,5,5,5,8,8,9,10,10,8,0,2,2,2,2,2,2],
      [4,4,4,4,4,4,4,4,4,4,4,4,4,4,4,5,5,5,5,5,4,4,4,4,4,4,4,4,4,5,4,5,5,5,5,8,8,9,10,11,8,0,2,2,2,2,2,2],
      [5,4,4,4,4,4,4,4,4,4,4,4,4,4,5,5,5,5,5,5,5,4,4,4,4,4,4,4,4,4,4,4,5,5,5,8,8,9,9,11,8,0,2,2,2,2,2,2],
      [5,4,4,4,4,4,4,4,4,4,4,4,4,4,5,5,5,5,5,5,5,5,4,4,4,4,4,4,4,4,4,4,4,5,5,5,8,8,9,10,4,1,2,2,2,2,2,2],
      [5,5,4,4,4,4,4,4,4,4,4,4,4,4,4,4,5,5,5,8,8,5,4,4,4,4,4,4,4,4,4,4,4,4,5,5,8,8,9,10,3,1,2,2,2,2,2,2],
      [8,5,4,4,4,4,4,4,4,4,4,4,4,4,4,4,5,5,5,8,8,8,5,4,4,3,4,4,4,4,4,4,4,4,5,5,5,8,8,9,3,1,2,2,2,2,2,2],
      [8,5,4,4,4,4,4,4,4,4,4,4,4,4,4,5,4,5,5,8,8,8,5,4,3,3,4,4,4,4,4,4,4,4,4,5,5,5,8,8,4,0,2,2,2,2,2,2],
      [8,5,5,4,4,4,4,4,4,4,4,4,4,4,4,4,5,5,5,5,8,8,5,4,3,4,4,4,4,4,4,4,4,4,4,4,4,5,5,8,8,4,1,2,2,2,2,2],
      [8,5,4,4,4,4,4,4,4,4,4,4,4,4,4,4,4,4,5,5,8,8,8,4,3,4,4,4,4,4,4,4,4,4,4,4,4,4,5,5,8,8,3,1,2,2,2,2],
      [8,5,4,4,4,4,4,4,3,3,3,3,3,4,4,4,4,4,5,5,5,8,8,5,3,4,4,4,4,4,4,4,4,4,4,4,4,4,4,5,5,8,8,2,2,2,2,2],
      [8,5,4,4,4,4,4,3,3,3,3,3,3,3,4,4,4,4,5,5,5,8,8,8,4,4,4,4,4,4,4,4,4,4,4,4,4,4,4,5,5,5,8,5,2,2,2,2],
      [5,5,5,4,4,4,4,3,3,3,3,3,3,3,3,4,4,4,4,5,5,5,8,8,4,4,4,4,4,4,4,4,4,4,4,4,4,4,4,4,4,5,8,8,4,1,2,2],
      [5,5,4,4,4,4,4,3,3,3,3,3,3,3,3,4,4,4,4,4,5,5,8,8,5,5,4,4,4,4,4,3,3,3,3,3,4,4,4,4,4,5,8,8,8,2,2,2],
      [5,5,4,4,4,4,3,3,3,3,3,3,3,3,3,3,4,4,4,4,5,5,8,8,8,5,4,4,4,4,3,4,3,3,3,3,3,3,4,4,4,4,5,6,7,8,1,2],
      [5,5,4,4,4,4,3,3,3,4,4,4,3,3,3,3,4,4,4,4,4,5,8,8,6,8,5,4,4,4,4,4,3,3,3,3,3,3,4,4,4,4,5,6,7,10,4,0],
      [5,5,4,4,4,4,4,4,5,5,5,5,5,4,4,3,3,4,4,4,4,5,5,8,9,6,5,5,4,4,4,4,3,3,3,3,3,3,4,4,4,4,5,6,6,7,6,1],
      [8,5,4,4,4,4,5,8,6,6,5,5,5,5,5,4,4,4,4,4,4,5,5,8,9,9,8,5,5,4,4,4,4,4,3,3,3,3,4,4,4,4,5,6,6,7,7,4],
      [8,5,4,4,4,5,6,6,6,6,5,5,5,5,6,5,4,4,4,4,4,5,5,8,9,10,9,8,5,5,4,4,4,4,4,3,3,4,4,4,4,4,5,6,6,6,7,9],
      [8,5,5,5,4,8,6,6,6,5,5,5,5,5,5,6,5,4,4,4,4,5,5,8,9,10,7,8,8,5,5,4,4,4,4,4,4,4,4,4,4,4,5,6,6,6,7,7],
      [8,5,5,5,5,6,6,6,6,8,6,6,5,5,5,6,6,4,4,4,5,5,5,8,9,10,10,9,8,8,5,5,4,4,4,4,4,4,4,4,4,4,5,6,6,6,7,7],
      [8,8,5,5,8,6,6,6,6,7,7,6,7,6,8,6,6,5,4,4,5,5,8,8,9,9,11,10,9,8,8,5,5,4,4,4,4,4,4,4,4,5,8,6,7,7,11,11],
      [8,8,8,5,8,6,6,6,7,7,7,7,7,7,6,6,6,5,4,5,5,8,8,8,9,8,10,11,7,9,8,8,5,5,5,4,4,4,5,5,5,5,8,7,7,7,11,9],
      [8,8,8,8,6,7,6,6,7,11,7,10,11,7,6,6,6,8,4,5,5,8,8,9,10,8,9,11,10,9,9,8,8,8,5,5,5,5,5,5,5,8,8,7,7,10,11,8],
      [9,8,8,8,8,7,7,7,7,11,11,11,11,7,6,7,7,8,5,5,5,8,8,9,10,8,8,11,11,10,9,9,8,8,8,8,5,5,5,8,8,8,8,9,11,11,11,3],
      [9,9,8,8,8,7,7,7,7,7,11,11,7,7,7,7,6,8,5,8,8,8,9,10,9,8,8,10,11,11,10,9,9,9,8,8,8,8,8,8,8,8,9,9,11,11,9,0],
      [10,9,9,8,8,7,7,7,7,7,7,7,7,7,7,7,6,8,8,8,8,8,9,10,9,8,8,8,11,11,11,10,10,9,9,9,8,8,8,9,9,9,9,10,11,11,4,0],
      [10,10,9,9,9,9,10,10,7,7,10,7,7,10,10,7,8,8,8,8,8,9,10,10,8,8,8,8,9,11,11,11,11,10,10,9,9,9,9,9,9,10,10,10,11,9,0,2],
      [11,10,10,9,9,9,9,10,10,10,11,10,10,10,7,9,8,8,8,9,9,10,11,9,8,8,8,8,8,10,11,11,11,11,11,10,10,10,10,10,10,11,11,11,11,3,2,2],
      [11,11,10,10,10,9,9,9,10,10,10,10,7,9,9,8,8,8,9,9,10,11,10,9,8,8,8,8,8,9,11,11,11,11,11,11,11,11,11,11,11,11,11,11,4,1,2,2],
      [11,11,11,11,10,10,9,9,9,9,9,9,9,9,9,9,9,9,10,10,11,11,9,9,8,8,8,5,8,8,9,11,11,11,11,11,11,11,11,11,11,11,10,3,1,2,2,2],
      [11,11,11,11,11,10,10,10,10,10,10,9,9,9,9,10,10,10,10,11,11,10,9,8,8,8,8,5,8,8,9,10,11,11,11,11,11,11,11,11,9,5,2,1,2,2,2,2],
      [11,11,11,11,11,11,11,11,11,10,10,10,10,10,10,10,11,11,11,11,10,9,8,8,8,8,8,5,5,8,8,9,10,11,11,11,11,4,3,3,1,0,2,2,2,2,2,2],
      [11,11,11,11,11,11,11,11,11,11,11,11,11,11,11,11,11,11,11,10,9,8,8,8,8,8,8,5,5,8,8,8,9,10,11,11,11,3,0,2,2,2,2,2,2,2,2,2],
      [11,11,11,11,11,11,11,11,11,11,11,11,11,11,11,11,11,11,10,9,8,8,8,8,8,8,8,5,5,8,8,8,9,9,10,11,11,3,1,2,2,2,2,2,2,2,2,2],
      [10,11,11,11,11,11,11,11,11,11,11,11,11,11,11,11,11,10,9,8,8,8,8,8,8,8,8,5,5,8,8,8,8,9,10,11,11,3,1,2,2,2,2,2,2,2,2,2],
      [10,10,11,11,11,11,11,11,11,11,11,11,11,11,11,10,10,9,8,8,8,8,8,8,8,8,8,5,5,8,8,8,8,9,9,10,11,3,1,2,2,2,2,2,2,2,2,2],
      [10,10,10,10,11,11,11,11,11,11,11,11,11,10,10,9,9,8,8,8,8,8,8,8,8,8,8,5,8,8,8,8,8,9,9,10,10,2,2,2,2,2,2,2,2,2,2,2],
      [10,10,10,10,10,10,10,10,10,10,10,10,10,9,9,9,8,8,8,8,8,8,8,8,8,8,8,8,8,8,8,8,9,9,9,11,9,0,2,2,2,2,2,2,2,2,2,2],
      [10,10,10,9,9,9,9,10,10,9,9,9,9,9,8,8,8,8,8,8,8,8,8,8,8,8,8,8,8,8,8,9,9,9,10,11,8,0,2,2,2,2,2,2,2,2,2,2],
    ],
    palette: {
      1: '#FFFAF8', 2: '#FCF0EC', 3: '#F5E1DC', 4: '#EBCDC8', 5: '#DCAFAF',
      6: '#C89196', 7: '#AF737D', 8: '#BEA5A0', 9: '#A58C87', 10: '#8C736E',
      11: '#735F5A'
    },
    celebrateText: "You painted those perfect soft pink tits. Nice work!"
  }
];

let currentSet = 0;
let selectedNum = null;
let previewMode = false;
let filledState = {};

SETS.forEach(s => filledState[s.id] = new Set());

const styleTabsEl = document.getElementById('styleTabs');
const paletteEl = document.getElementById('palette');
const gridShellEl = document.getElementById('gridShell');
const gridEl = document.getElementById('grid');
const progressFill = document.getElementById('progressFill');
const progressLabel = document.getElementById('progressLabel');
const overlay = document.getElementById('overlay');
const resetBtn = document.getElementById('resetBtn');
const peekBtn = document.getElementById('peekBtn');

function activePicture(){ return SETS[currentSet]; }

function totalPaintable(picture){
  let n=0;
  picture.grid.forEach(row => row.forEach(v => { if(v !== 0) n++; }));
  return n;
}

styleTabsEl.querySelectorAll('.style-tab').forEach(btn => {
  btn.onclick = () => {
    currentSet = parseInt(btn.dataset.set);
    selectedNum = null;
    previewMode = false;
    styleTabsEl.querySelectorAll('.style-tab').forEach(b => b.classList.toggle('active', b === btn));
    renderAll();
  };
});

function countRemaining(picture, num, filled){
  let n=0;
  picture.grid.forEach((row,r) => row.forEach((v,c) => {
    if(v === num && !filled.has(r+'-'+c)) n++;
  }));
  return n;
}

function renderPalette(){
  const picture = activePicture();
  const filled = filledState[picture.id];
  paletteEl.innerHTML = '';
  const nums = Object.keys(picture.palette).map(Number).sort((a,b)=>a-b);
  nums.forEach(num => {
    const remaining = countRemaining(picture, num, filled);
    const sw = document.createElement('div');
    sw.className = 'swatch' + (selectedNum===num?' selected':'') + (remaining===0?' done':'');
    sw.style.background = picture.palette[num];
    sw.textContent = remaining===0 ? '✓' : num;
    sw.onclick = () => {
      if(remaining===0) return;
      selectedNum = (selectedNum===num) ? null : num;
      renderPalette();
      renderSquares();
    };
    paletteEl.appendChild(sw);
  });
}

function renderSquares(){
  const picture = activePicture();
  gridEl.style.setProperty('--cols', picture.cols);
  gridEl.style.setProperty('--rows', picture.rows);
  gridShellEl.classList.toggle('previewing', previewMode);
  gridEl.innerHTML = '';
  const filled = filledState[picture.id];
  picture.grid.forEach((row,r) => {
    row.forEach((v,c) => {
      const cell = document.createElement('div');
      const key = r+'-'+c;
      if(v === 0){
        cell.className = 'cell empty';
      } else if(previewMode || filled.has(key)){
        cell.className = 'cell filled';
        cell.style.background = picture.palette[v];
      } else {
        cell.className = 'cell blank';
        cell.textContent = v;
        cell.onclick = () => handleClick(picture, r, c, v, cell);
      }
      gridEl.appendChild(cell);
    });
  });
}

function handleClick(picture, r, c, value, cellEl){
  if(selectedNum === null || value !== selectedNum){
    cellEl.classList.remove('shake');
    void cellEl.offsetWidth;
    cellEl.classList.add('shake');
    return;
  }
  filledState[picture.id].add(r+'-'+c);
  renderSquares();
  renderPalette();
  updateProgress();
  checkComplete();
}

function updateProgress(){
  const picture = activePicture();
  const filled = filledState[picture.id];
  const total = totalPaintable(picture);
  const done = filled.size;
  const pct = total === 0 ? 0 : Math.round((done/total)*100);
  progressFill.style.width = pct + '%';
  progressLabel.textContent = pct + '%';
}

function checkComplete(){
  const picture = activePicture();
  const filled = filledState[picture.id];
  const total = totalPaintable(picture);
  if(filled.size === total){
    document.getElementById('celebrateText').textContent = picture.celebrateText;
    setTimeout(() => overlay.classList.add('show'), 250);
  }
}

resetBtn.onclick = () => {
  const picture = activePicture();
  filledState[picture.id] = new Set();
  selectedNum = null;
  previewMode = false;
  renderAll();
};

peekBtn.onclick = () => {
  previewMode = !previewMode;
  peekBtn.textContent = previewMode ? 'Back to my painting' : 'Peek at the finished painting';
  renderSquares();
  renderPalette();
};

document.getElementById('celebrateClose').onclick = () => overlay.classList.remove('show');

function renderAll(){
  renderPalette();
  renderSquares();
  updateProgress();
  peekBtn.textContent = previewMode ? 'Back to my painting' : 'Peek at the finished painting';
}

renderAll();
</script>
</body>
</html>
